2.44530306367963,3.66618229495312,2.07630999435965,1.90327665878656,2.3116322996661,2.8159533971928,1.7018180047902,2.16976952267639,3.93064631258015
1.88912841381236,2.31516676250282,1.75660192460949,2.94118508885933,2.42238116322428,2.13179061154149,3.22811403220617,1.5280640022687,2.32698125535524
1.49860425409077,3.84080239074525,3.71492498671097,2.62200701905782,2.36327232841794,3.40073686638945,1.15313364796978,3.33266599024205,1.89056506808798
4.02955754167155,2.05356099336457,1.86307527171742,2.08429826866615,2.71154024733941,2.01844671415116,2.46027313855232,2.64628860547624,3.10593001286401
0.44097163180502,1.9661094203758,3.84380993395872,3.29620938197587,3.24132984275464,3.26594438109106,1.77985267841282,3.29531209077024,2.55147424534674
3.11634934897142,4.51702941758019,3.61850152906153,1.43737144915363,3.06366954230581,3.7374977928003,3.54578755373258,1.88948192643222,2.59156897030354
3.24392705221415,4.02791721363576,3.36697251046101,3.39206848992574,2.54756491553896,3.59362226275825,1.87953890988285,3.1257100846089,2.1253247638581
0.998006317871133,2.38277197683696,1.5169314735096,3.91872213336075,1.58802844374343,3.16600505418242,3.64455850393977,1.84678674751329,2.72629687920482
2.50118021529854,1.25176692905125,1.25126606876374,4.11519151849623,2.48833088469226,0.942526715991675,3.73909695316106,3.77722087027358,3.44067204670785
3.18267159884281,0.216383300867961,2.75051839668402,1.21245713078245,3.99198646756232,1.0170036680619,2.07655708940969,2.93385530825704,2.47977761174724
2.69271629295949,2.75885499286735,1.13955680412534,2.01953664980878,3.32014793371806,4.21217889600139,2.76627031485697,2.76029735342722,2.31361101292392
2.12858240537223,2.96756887873488,3.29435784056538,1.84136494051494,3.89233326053639,2.62376585947227,2.3775899197024,2.58476401132433,3.57253815628809
1.33001119999999,0.695874396942213,4.43249257610841,4.8885730979746,1.74374386981718,1.37132450322351,1.52098449209435,2.37407310550248,3.32810312958728
4.19530320350571,1.91351330985413,4.48339965083636,2.47435176986343,2.57614635433291,1.82540991472963,4.23043014969236,0.936721314761886,3.62748370788967
3.86395917908411,1.41931813853597,1.47004123288011,1.93237756918307,1.51779832693601,1.96399972268674,0.565386179174836,3.18819238290803,1.98362858482244
0.922782549784323,4.24660311732025,1.70576468955701,0.651255858872625,3.94843422947917,2.65329320415879,2.26459720148019,3.67803617824506,1.27205153380888
2.52588767181665,0.959491894871585,2.45902868768029,2.8000943904022,3.46157565167958,1.69650559040277,3.10179210025768,1.76434778959981,4.01846369866649
3.46480503238689,4.37229469013106,3.41013044432811,3.41629314009027,3.69299011367202,2.90343995480872,0.831246710137562,2.82625017259785,4.5309278880567
1.80937762362123,2.09174802033966,2.88728328251746,2.67507268774054,1.79027728717774,3.1157581434046,2.89709211397843,2.87747060310561,1.36652465376684
0.645339119560085,4.71191406730097,2.03603455864481,2.73345655553876,0.518824006422227,3.08826323136026,2.1876446727651,1.67539929466861,1.33176398849458
2.39850231447821,4.5503516977447,2.11222006897074,1.98651112848942,2.16952396119602,3.03825146660282,4.19422226232428,2.33935247179072,3.38148983157755
3.27883223783764,3.97656321550254,1.93460239480544,4.41841318043831,1.42070742397888,1.48389948266387,2.69023714394995,3.22996641005463,2.01048382079498
4.5071984353566,4.19023532929168,1.43009791944249,3.88890872555883,4.51227841574012,3.65642680529652,1.62478658229799,0.849832404149745,0.802340798672828
3.9188094232577,0.338269649257295,3.03983108814512,1.54392032593685,4.25293026432714,3.79823369508045,2.57594067477891,0.5574676974679,2.09096713543036
1.94135697285057,1.09568631948413,1.95963041501291,2.5555374565375,1.35318674210655,0.777830218694565,1.48488051484363,0.895140338601349,1.1188345871802
4.16794118796696,2.83874290660808,3.92819844281963,2.3901801507947,1.96365602406011,1.42647823474615,1.92698280366554,2.72160406636613,3.8035757848216
1.63144116332632,1.15331258221284,1.22551890599051,3.45295431938096,0.733487658484251,4.42271296994589,4.15449492571851,2.1171541270898,4.44977291002845
0.34790753221801,3.33600803176897,3.80205412331405,2.44422883492184,4.11718199978166,3.53629755050532,0.773319456307708,3.86973413675827,0.589155001490573
2.07083753931949,3.58277093605898,0.676733839097433,4.30337071241394,0.635404222715695,4.87668495054504,3.00934391570768,4.77076497306606,2.86964953651823
1.15137844518979,2.33427933211267,4.30516524892619,4.71596501639529,2.6330941291276,1.18111842228933,1.32717825579506,4.2528061874924,4.42605314165868
1.21950471633555,4.87874830141688,2.33336486621172,4.43896958013286,2.21557302604773,1.90897570171173,4.02008372589064,1.16998341235381,2.96377264176422
0.673794401701001,4.1491754713456,3.06897866250874,2.2898845739344,2.38116690475126,2.98395783435112,2.01884303830785,3.82461700065062,3.70988856424553
3.41771559616477,0.377928056794121,3.68434698815948,4.98801336295535,1.69051174965614,1.22206103063189,4.00721754304697,1.00530694249184,1.58556891720816
2.78118832418671,1.19027710187249,0.754181843144868,3.99484179445077,4.43297889201877,4.70596710466878,1.82118653465234,0.65948447884134,3.23918123696195
1.40249086998575,2.46880373760372,2.26175858634598,1.63500189306509,3.1397356457148,4.55016955063115,1.21710928979403,0.795644406638794,3.16092441235841
4.56772035598265,0.758433938539636,0.414351329675042,4.18714159315795,2.1235293302136,2.73166176466051,2.27853924204007,3.59281286038238,1.51753885209977
2.03565944417698,3.93357546475593,4.12789885860084,2.88904495260213,3.17522847777453,1.53505286155465,4.66560797367466,0.347298218291743,1.1677378499753
4.6696579167737,1.78693864244159,3.9740731771756,4.63229835579981,1.84589434984802,3.20314826235371,1.33862918236759,2.30938092001469,1.91421176753129
4.85572999679704,3.80904795799478,4.03777124081199,1.29351800591342,1.02723373865047,2.23579811817844,3.33007767829676,4.358275616205,1.66657871759987
3.03575940622164,0.845359353453999,3.49923963706524,3.17100068664889,3.53551198719976,0.115206805585737,2.66472267792903,4.66045941107073,1.43630080915301
2.8280811475781,2.7183328441979,3.58567654954956,2.26225327253244,0.461897854023172,4.61233717799138,1.03892167811527,1.33765869407375,4.75355256047835
4.69152249816045,3.53633141422154,2.50126497180324,0.232007181405237,4.800008057188,0.672539796520172,4.70664820489523,4.09308137921984,2.44345735045836
2.58566150564088,3.35441952419173,0.66214986300243,3.6536388215354,1.90406589890046,1.70949695165735,0.513279615976161,1.46028906875192,2.8206369045541
3.61461189003612,4.31431407386511,2.85853574221611,0.56182369124708,0.198784300249413,4.33567444584994,4.29413871365746,0.198601848667635,2.20310020436484
2.17710512988269,3.03912767435988,1.29748354618952,0.395142483209799,4.61245144989979,1.88579590801444,3.04522120372809,1.39201914269502,1.84542249589595
1.35437616395936,3.43814057039171,0.793674672485427,3.06095197762608,3.83921055077183,0.835954037894936,3.19325159418274,3.41971600832859,4.21494823891694
0.829206545193876,2.18439125971207,4.94067132502721,2.19558781347973,3.35933107192187,3.94445790896486,3.91020801079214,2.54137305418789,2.4143409659716
1.5691856074941,0.619656074554169,1.80383416879677,3.19850919809364,4.22184856946507,2.48395270156503,1.59146506714095,2.02513979121283,0.221280878919275
1.65324086437615,0.898272029443546,2.52816331224001,3.66193083567153,1.27150680576696,3.88271248652085,0.463600119623405,3.35441281392974,2.73706704330851
2.85156002713539,4.68168597285709,4.66758338657526,4.03176914556957,4.05716966606701,1.10942106434536,3.57062137581506,4.48040453024576,3.51461376880443
2.93333738636446,1.37712571670326,2.17195325014476,0.752184790987767,1.95403493021664,4.05812323615715,4.63391232060808,3.71161316849169,3.06117639699314
4.43719987624472,4.63484176765931,2.80654698715496,2.36631282744317,1.04320829536423,2.54239316713898,1.27406496516257,1.58824406816649,0.395472341087941
1.72821424183534,0.41802151255089,1.55707617993981,0.503958097774241,0.133052469200798,4.10442984791865,2.00177963221299,3.9914612690678,0.472865393082856
1.48339946940639,4.76468915238045,2.3105624078001,3.52804251024156,3.74594611406155,1.07018457055067,1.09418320069531,2.95055022961264,0.995316771881557
3.05500729179843,1.29095500341592,4.8580664665676,1.24379045046547,4.75906682797732,3.7099808585634,0.881213480633389,3.47069823582436,3.73493884544771
4.83847280236574,4.95419986133096,2.94142214284695,3.82774431874167,1.64443783333795,4.24278785262894,3.39460068073883,1.24442666385225,3.86748096457168
4.35869393702278,2.66337496814833,1.08852727971971,3.71845614357018,2.08514440136864,2.08710064871947,3.81143455871675,0.283905034214258,1.0720696037297
2.98502812942465,1.59306301631793,0.178203541812193,1.78438793702321,3.57024761798596,4.45553306858717,4.34943578537921,0.605492046085725,4.87543577818788
1.80204216687769,3.74781916109061,4.2751338045054,1.08857725150172,2.90614515657512,0.603876607429334,3.44813249819422,2.22152281617648,4.57169610417644
3.90193403891704,3.26544814317708,4.4955515189285,0.83966714407685,4.57563437065453,4.76860545926972,4.51815651275977,4.56205743292249,0.955987726280613
2.22698103597927,1.81574315430376,3.52757662153925,4.68715710971186,0.972088368853407,2.19570066388795,2.33083179691659,0.479118373069765,4.68755181289621
1.05192935853265,0.100063199018569,2.57649553180231,2.14531906232802,4.95545461709464,2.69605397233936,4.81920530617972,4.16317721313625,2.98917271985623
0.583147804685133,1.52605048970908,4.11249045838871,1.71180482878399,4.68220113216262,2.41809236979553,1.39550180716857,0.364314755963554,4.80950957825603
0.548497201714567,1.6960896827055,1.35256548174461,2.84466499552082,0.834175218982671,3.40847703977071,4.57571424974717,1.742122696631,0.524912484930093
3.70769464365476,1.07184661416116,2.68150407522476,4.74326896705934,4.28584272374497,3.49306863303027,1.66098324717856,4.97588854986635,0.460588515260453
4.00095128055735,2.82337733284815,0.118241510719894,1.45467997491188,1.49212900530106,4.14477082647971,0.982139205126043,4.05285895759142,2.63301192491756
0.270074046651686,0.48221162754013,2.39595776884596,4.16625291252117,0.923765882018365,1.62624249739205,3.67239817022787,3.53259654860748,4.73157053645284
4.39726245956863,0.156718810633266,3.14219494122987,1.65288324521217,1.099266647883,1.32549980480248,3.2640725495931,2.07391396117544,1.63574205498652
4.59216363851643,1.72768757514901,0.298162468027961,3.0219499040422,0.342599687471888,4.8099474642764,4.78907987085906,3.05145692410291,0.856765034257091
1.08605527773328,3.49227235302697,0.883469446666882,0.43241928428583,1.19167130173968,0.906595649790068,2.13967403171461,1.12894998200434,0.110033808893671
0.736552380716771,0.798576212886868,1.02185677447822,4.36751512249956,3.27277418736957,0.640925384108712,0.10598621219225,4.20192367268457,2.2540252426698
0.123813645975223,1.88054755879419,4.36155622449213,4.57608232898515,3.41236578115948,1.26304793445908,2.84733480512924,2.45928742932131,1.46474734437456
2.28498649552146,2.12210964875933,4.21947827366303,0.288413268300754,2.03820172568636,4.48950607720125,4.08295855377629,0.101141169494214,4.37821967060923
4.96702760359959,4.45627037394988,4.69769584375336,1.05515395129614,2.77518225131851,2.28694061705892,0.627321828975293,0.675768923341836,3.501861957293
1.25534225684811,4.93771541597567,3.30208549850498,0.705426766364835,3.81135132036196,4.00448793466938,4.39681587496576,1.62320962378682,0.889363563833268
0.96873773954049,3.05790350244135,4.7574432584114,3.77191608106595,0.425040012856357,3.84027273720081,3.85143356042841,4.53435016341483,1.77685588427378
0.165957090036061,3.21279895855923,0.213230712707154,1.57513862854311,2.98427817013066,2.43669124795541,0.298903012357064,3.93318843681757,4.99419668187902
3.71833658001778,0.98573424036198,0.344984350588026,0.984808573722104,1.32546392552898,0.422981264831155,2.48905075279138,4.81302267264281,4.24227685299604
4.27073356456319,3.88326614798439,0.520250518530313,4.52370494366354,4.86252541292581,0.727435686704458,0.331448134799047,2.4984870544799,4.09406535036519
2.36266134688778,2.92104673951227,3.89730080265405,0.327257063888307,0.667908449321985,2.84462080202997,0.23519820089403,4.61885134197012,3.8161471328676
3.50623247999355,1.45651535475578,4.844113347474,0.600833811111944,4.35400614730328,0.537035377790514,4.89830697311358,4.92259984667683,4.61135631362761
4.10776890975693,2.2284214538054,1.06325117266173,4.90762815759297,1.17153020115422,0.359552601072937,4.46660533796579,1.92822676427564,4.3273645780086
3.56254491133297,0.567355373924794,0.941120988544273,0.965034653993421,2.80825804886408,2.33974622961403,0.430404312397157,0.24703689790723,4.17077193979174
3.37926583409481,3.16286064870263,0.376387283657923,3.5583052015008,4.72243555121761,1.59321421241682,3.93495964883998,3.6255403694606,0.690493792781704
3.79619314775312,0.526776944605487,4.55161942544222,2.68618836267704,0.794801461455461,4.93213683572867,0.369615702636442,1.07293955611972,0.290676198205666
0.366468054887741,4.11447248946508,0.850357148517904,3.10600804952341,0.381030283451669,3.33308624036733,0.948775947475561,4.89061324867542,0.198519600660197
1.98262926496247,4.80716472974292,3.20508955852913,4.81758353756741,0.2268551967793,0.30240562030972,0.680000382509132,1.34660905082686,1.7084309399748
3.31158326599012,3.63121981648777,0.483684047542659,0.174235817970659,4.91577703392035,0.497533642505296,4.94931779330131,1.99304424746134,4.90121603888925
4.28771861904644,3.09925865489573,0.589130735098335,0.801585187700234,2.84141891087724,4.67789865735894,2.78685818527458,0.723043973361583,0.639472217695101
4.77940291925628,2.54298808651437,4.96311110721779,3.322542922898,4.40547648571848,0.189154075745885,3.45653358424867,1.20065416498183,1.20442539867822
0.811380544764137,0.296791139400907,3.18705630484111,0.138560745786434,4.13125086682947,4.94872684236469,0.762896649481141,4.4056681017661,0.728705458276856
0.500551851413605,4.38719082861967,1.61758087223763,0.924392824177875,0.568373644947025,1.7955717393452,4.87582313904416,4.70809544052537,3.26292349580945
0.248544010065839,1.60165255369422,4.60862503914726,1.37848571970814,0.25581869284843,0.31083819719056,2.94788323527545,0.437055456656227,2.92086339037792
4.9305369770473,2.62175175352806,1.69616988385979,1.15347816921182,3.03199926466534,0.212071931612384,0.158065653340646,4.31980549278522,0.32301052652471
2.67641025579804,2.50710359112482,2.65492211921778,4.24522303866345,3.6207844552258,4.29466962516136,2.54409882714016,3.00017211621382,4.05336219951143
1.32570447788219,2.81221237650694,2.62428193608904,2.71602925361495,2.45565834049549,3.27738996676402,2.87324934274721,2.22608239574317,1.8896156940246
2.11941126551118,2.61414276477823,1.57719916339614,2.66072730679892,2.1659190272158,1.85537136724114,2.33904237904726,3.69240297228383,2.73951809670968
2.84669380229706,2.41093745186378,3.26636956794869,2.32162390805484,2.83241121695872,1.93066074356856,1.88999958463263,1.15700064996473,2.97138107340795
2.34103259251942,2.94910110417462,2.08029493480397,2.27776375082455,3.10323618674814,2.85727828291501,3.30715107391158,2.48814358582295,2.42914370727952
2.43645162389491,1.29658796857792,2.10399378375197,1.60626964464772,2.90713326107367,2.0306497378099,1.31170133540832,1.38216962926497,2.31495303508232
1.85645137184399,1.0841274088457,3.21619766387052,1.04392260542978,2.42842138485331,1.37522207206627,3.19339046655194,3.54574860698858,1.91027722603269
1.90668072729948,2.50707303730049,3.41013754974608,3.74881262537057,2.53342266141775,1.74342501405202,2.9733166709473,2.75750695135718,3.1831460749773
1.64884597105347,1.66142522592604,3.25997668291174,3.49284976328106,2.61171752671234,2.31916772514954,3.88320386149787,0.925809747281775,3.13864002368128
2.8732323794883,3.64398156653612,2.47171016221214,3.26046145308641,2.78614153233159,2.56466505448206,2.0656125772149,2.39246335895115,3.197411012817
2.94659866743273,3.2603423059411,1.90960580103559,3.20035260197485,1.52032393477025,1.57032674322696,2.95952463912824,3.18280284475337,3.84579901965597
1.4917388916614,1.1403226377971,1.35932720267464,2.10970781491313,3.45683544563048,2.11895865484042,1.79131845904479,2.08326873350714,3.22179227513284
3.74618599583395,1.39026472890255,3.1530485016852,3.21857094619336,1.7486732244069,2.21317923060391,1.63817606346455,3.89797637108574,1.7638799858971
2.22452576878079,1.35816412992973,3.08367989809171,1.99359241255233,2.84471701092267,1.33482608850655,3.36119096426846,1.3738999540786,1.69591337785876
2.73505689927324,3.84385202195164,3.86348426302034,1.45500417239353,2.04322284099937,2.69199669357267,2.18932428814942,1.6419323897523,3.51954652220185
3.17304407446249,1.57769262199581,2.6590742495266,1.87169003951928,2.0996738092156,1.71452152057015,3.46972411599162,4.75067599678587,2.87331111064384
2.25147606433689,2.1446859798893,2.72740667708922,2.48254850761959,2.20662511648482,3.75673473447881,1.32148940739752,1.89133788455429,3.4715904593984
1.09617237460508,3.01388278629811,3.23322811751365,1.5416327026072,3.18162317916442,3.09571007993084,1.7249007976281,2.06352114411694,0.906917658488907
2.76105941097654,3.50815642030316,1.67599847498897,1.89259619972372,3.61166180683457,3.04537771964446,1.43124971984717,1.67363721783401,2.16776174921694
3.18844156467699,2.48221060854499,3.31375302958774,2.6044405676428,3.23624904999801,4.15361257118394,1.17612687265128,1.325759655434,1.01746272465173
3.2791932089164,2.16026034940028,3.29109740551974,2.03325327744376,2.26244921409467,1.61761455401569,1.04420432482078,3.95077813220793,3.9357741922806
3.69876567984489,1.54495703573583,1.50930101705622,1.82937680985284,1.52504590143682,2.4859470170624,3.51730434324942,1.29279634158284,2.47791185423627
2.41216777087253,3.63017550073925,2.56590769535338,2.26075858683017,3.99749400509422,2.9107786831627,3.09699980957602,3.4234628146324,1.66916646417539
3.61747691925964,1.58912423391599,2.59872065959137,2.06070257486514,1.8762284973585,2.04702002639655,1.92216906778235,2.37881920072046,3.06622586210084
3.31141190602724,1.94228508694214,1.84517643994594,2.01463408211636,3.5314674858487,0.73309091467259,1.10160055794264,3.49150220823282,2.33049766151514
3.32369519889721,1.21110009831283,1.47744895707996,2.16371360420762,3.84328800896113,2.68135430475016,2.89079983784928,3.92570604006556,2.54150280550256
4.22168513967411,2.33797034464031,2.30469696853845,2.1292609429314,4.06315358158737,1.86492618687276,3.35381639780192,1.58279952887096,3.90561601615988
1.7582976217618,1.63016535781132,3.32483934410999,3.90929289562709,1.76399816435808,1.73607285877602,1.86082462294016,1.52940249786235,1.58822592135042
2.19921883741603,2.77270644288621,2.44014270147693,3.91469347045454,1.16553647020704,1.10455365999485,4.2912901488106,2.02038583058742,3.39631193703582
2.32943930955254,1.88266730535403,2.20988713577337,1.69128089903627,1.47512472044845,3.84209230591514,2.09022845448658,4.50654597401863,3.04700265795284
2.13788686498563,1.37430519644235,2.2264311913171,2.10589840861753,4.37057962119719,3.61419330402068,3.3170662466737,1.61485144310666,3.58377754667745
2.28624832116021,3.26877700403926,1.59529028273217,3.0574949643882,1.82467759361456,1.31829166785657,3.0385583247185,1.81127880842582,1.2538387077708
1.2727649930513,3.29539588570874,3.5086490881315,1.88147887262574,3.25673781239201,1.48239030813146,3.1533301101551,2.24839947077428,3.48671862328047
2.60784653867874,1.09280114795681,2.34734458205319,0.885451988690649,3.20492633705941,4.15708247266727,1.54278394336207,1.93883986827871,3.05241713667894
3.97972075347742,1.91967563071195,0.853792402747553,1.79302694921847,2.4886565032865,2.92382322132913,1.52179636447708,3.56435947621992,2.78812190914428
1.53509140232811,1.43752266008232,3.34803992191149,1.28349923725735,2.54895373212267,3.4176391809968,3.32219128300523,3.38197002686875,1.73977583055402
1.74048442488967,3.0289808730752,3.39037525021855,3.54329168197291,2.08184055681305,3.63567546437541,3.14962871788617,1.50142150497343,3.20729488865292
3.50644069711253,3.66944477351877,3.8198597685353,1.08085491726472,2.48904471876787,3.0723007505202,1.27793042875011,3.49854834481567,2.13253285732906
2.0551101621851,0.992653910387482,3.82734740201372,1.21246803100477,1.63488234070357,3.55416901706567,2.42390765421954,1.83738250392018,3.50323298673437
2.46311445175722,1.83945267484069,2.03328117301391,3.51186745820998,3.50587241822883,2.05136004960956,2.53998837938707,1.5690796100311,2.20293408470019
1.66312140342401,2.31931138533331,0.844222877627646,3.34131653972558,1.7845916781525,3.1487702541952,0.580418206139293,1.97972928851057,2.75950536938565
3.76529996832454,1.90570054336177,1.79900160913158,3.50224710952374,0.847634439340909,3.20890164219553,1.49146520588727,2.63930329430278,2.95568252891407
3.73389217006567,4.34573041335557,1.87854555770569,2.75991187650379,2.15502965389221,2.30038136291585,3.49554794360459,2.00738350544951,2.9199674339557
3.56655281117547,2.91833160687168,2.51716244640504,1.17935977900989,3.22340017959953,1.67934430785844,1.67327615239267,2.10464763418055,2.51868143215927
2.15708025472827,2.75290541557153,0.961510212719557,2.69565903796052,1.35685526872205,4.17131021603791,3.58610002429254,3.10781009866187,1.94795864259434
1.69239314652066,3.20302614385262,4.38703071310185,2.58701855336723,1.67790104439727,1.97649556455592,3.06145992053143,3.27757190113637,4.50772183378454
1.86775868769217,1.49648851821717,3.34609573529696,3.46329417868936,2.98228889729152,1.93914171448455,3.41259430270141,4.33501124001289,3.70995481471933
3.02635254380462,3.10506065561401,1.27067110783834,1.35981274691829,4.03445809971774,3.97859530613676,3.82622982655448,2.47250345906336,1.96798015922954
3.54093194673874,1.25225538106129,1.20569254005374,4.02240226132033,3.98169214247511,2.80329792675935,0.884347479437594,3.20479479124246,3.63656432542217
1.39618117163493,3.48563505029248,1.0934166815083,0.520497961961722,1.40949259430944,2.70378503865376,1.98255900139414,2.32233999283053,2.06128017206537
3.04814568736038,1.235091467358,3.06780843520572,1.1597457076931,3.27549763511092,2.24242325186782,2.13244191253674,3.40482318633766,1.17739934241702
2.50419369922346,2.00220931434236,3.99241271518916,3.13319842630619,2.74999678391061,2.53691203514737,3.11783773696056,3.2314098620491,1.33337565551215
3.79400473093329,3.99629109842866,2.3791184183415,2.38082659603655,2.30253837434546,2.78596528929553,0.880504581777728,4.44092205683113,3.54730022783269
4.07131418632699,3.7930090929225,3.6286314616162,3.02619595776167,1.73966771109955,2.7795048871921,2.70164859748667,0.947182472770161,0.945705512759218
1.08713555942586,2.91120558335196,4.23004330896959,2.96076749584079,1.29738037899014,3.58984136369638,2.02404115304211,3.1689838407588,0.889747200748709
0.993175276861584,3.71848075816635,3.71870071499428,1.17798562527564,2.14455182254926,3.4388758494794,3.55886397569632,2.03661894456332,4.527723119626
3.07047724779166,3.81366128806921,3.4784413682298,3.87601414499147,3.14843457355973,1.28043593784963,2.32738056571584,0.902576659392682,2.60472009041096
3.93525464219728,2.62398701165937,4.08539895007142,1.38920699051418,3.82802044857235,1.95779903901875,3.26317210862541,3.47410084949981,2.21133848991775
1.11189864503028,4.46080355011421,2.31410663308704,2.98716259836516,3.88574898575619,1.41912281358748,2.77251080333482,3.02284660409275,1.88521306743007
0.70932339503587,4.19142003360152,1.53167131892516,1.96298633761733,2.01222967001906,4.35751128943643,1.93599157742277,2.52718145592627,3.01618762478285
3.65346966500935,4.3910768859688,1.54895070368762,3.39610058199521,0.723637705352041,2.94344928155409,1.33722132041247,3.26419936005404,1.54160997365863
2.58246157525515,3.36200013133656,1.23662803837925,3.78833856878139,3.08266098337207,2.85124463452166,2.55105665661529,4.06883860869752,1.28443142899749
1.42881284370495,0.762924941377423,1.6356599042851,2.00718673787417,1.21877495987242,4.06159134564811,0.693252026522765,1.08743305423314,1.18565722774283
3.44414325562777,1.03143543446844,2.75266968306206,2.50703716004302,3.45352900622878,2.81539528110507,1.25060128830385,0.778024285849766,2.41186158474529
2.72227151866106,1.15725485853263,2.37108320650074,4.1545725447181,1.91455301044963,1.79015864110831,0.959377147432882,3.71258940526785,4.02473932663171
1.58787846901419,3.61534831688018,3.01272790377447,3.54003094336815,1.58094092627388,0.801722893880215,2.71450696903467,4.80794770010281,0.828841665730695
3.48376081797964,3.93646616737248,3.4432127581939,3.28492705912842,1.71017944840854,3.39010536947742,2.16287733090034,2.63490749195142,3.69152557772654
3.4702073384219,2.43352696203289,2.32918460673688,1.63561118304299,2.56978499254724,3.64315652136772,2.91886010369012,2.17250865301763,3.5614016207151
2.47024436993385,1.39858853174927,1.06063980346388,0.915878261454054,1.11676050406281,3.45191290006653,2.01035630118521,4.28384289766627,1.15648608343897
1.6259293188263,4.33728764211794,4.56655912689667,3.81131659654283,2.82689947606577,1.14305602025107,0.724724311157945,1.42173487536167,3.75584181616124
1.07618883166468,0.690383788347943,2.84331548214884,4.20102433125151,2.89504918921745,1.23984641751053,3.66478721586324,1.17490684214077,2.25313760940934
1.47359133402363,3.32562053472595,1.77648886017181,2.52125933417043,3.34672558008623,2.27599091308424,3.63484409117675,0.52040927924111,4.25286850035179
3.35261580476112,4.54494794229616,1.397014187872,3.19462825605832,1.99180385054665,1.22459612115112,0.850425031784049,1.24946605725435,2.58141660460708
0.879981320897292,1.6863888209688,1.96587175350898,3.0395444422249,1.94665053397877,0.741764937498141,1.86815568283678,2.37248363621731,2.82718956509983
3.4043102516926,3.96577120340755,3.69906218124804,1.14414053157053,0.982683265894477,3.50323372874205,4.34471939301531,1.62815018354339,3.33141606238642
4.10682368930185,2.10726128787076,2.23480583902163,2.91898176295165,1.20268638025777,0.545975655519636,2.63283691808698,1.64740205640643,1.44981746833946
3.22102431549324,0.853807318195875,1.61444710193336,3.42974780038855,2.12649271915859,3.96153819229477,2.90276360282576,3.66415238249087,0.873365388763137
0.691289389368205,3.66023146702733,4.58993100173981,1.76086855141632,0.629264660255751,0.773754560334666,2.94454383077967,2.61914790887642,1.9989207490104
1.99199520689785,2.51762272383732,2.50747449193255,2.90406392720441,4.43549280644057,2.51538137224678,0.630190378439089,1.46513789784053,1.33908847347484
1.81735457797057,1.75559423286689,4.01999012323323,1.21858427035698,1.66409281962056,1.06331881938496,3.68790718259761,1.2132081626337,4.62824609451205
2.44077141983091,4.12552919831587,0.523596843823208,1.09596356428391,2.77355511724384,1.60455862521339,0.565597020433575,3.13856400335871,3.36191707408126
1.03345828286221,1.44934489622869,4.21639148698642,1.22759871354309,3.94717397488467,3.23299531111936,3.42666089810291,2.58682319388521,3.71936146199721
4.24663786284323,1.19499240008171,3.75972351104731,3.29986829326116,1.45836919145321,3.81647944158793,2.43289909023023,1.8836117967497,4.00169021248311
0.718456367908395,2.95865232228453,2.85190278241987,2.84530160951754,0.581169477951713,2.50972691640665,2.28622492570675,2.9541263744288,2.80100865121809
4.49471174148569,3.59958970558411,0.777386734297208,4.210777596128,4.25764836989506,2.62610069507093,1.4660793971502,4.18939482157864,3.86002235172381
3.36975155191479,2.84088748632313,4.3888549029936,1.60980932956748,3.02405753097282,3.24833032550162,4.63199910906766,2.88358138992562,4.40668749646947
3.77949712939863,1.87506316679734,2.94805650107499,2.97261060539028,4.08459550843452,4.08012462142529,3.99274088327738,0.355908069986384,3.99407469794789
3.99271497151215,3.17675425775204,2.29004599001538,1.26719682707929,1.54314422280947,2.76976478905242,2.20521514624445,4.84432110124372,1.5965948034309
2.74983065739804,1.30348892025254,1.99927581206005,1.41543790275947,1.08990510875004,2.28206392758444,3.46597255686688,3.1509193872005,2.70321829428605
3.1522934608428,1.85500320516818,1.95363828272384,2.20767207686178,3.52173453312996,0.992776244630571,2.99184593297786,4.73980105726374,1.07735029559158
4.15661723626888,1.74171102144732,1.77838108042179,2.65009313643706,1.55519473673735,0.939669315915788,2.21108358529356,4.93706193583721,3.27209051816788
0.829402677205915,2.56023454301874,3.16516301143519,3.11590327637532,3.40836695035879,2.93227210973285,4.63500160248915,3.21279116634297,4.09766147602425
3.51775711322844,2.88091275293671,2.11891384186008,3.8565012459943,3.55340564621403,4.29188190937188,0.491024897891562,3.33395598645875,1.96063101395691
4.47783594030741,2.66583761595708,2.54410885989945,2.36880825014057,3.63620741982729,3.00981520244718,3.52309450817842,0.833312612187816,1.74915244296478
1.31505298117094,0.600855148011877,3.9709864314202,0.927923843756784,1.83342127701908,1.76338985260593,3.75251889173058,4.08692111098138,3.54123988805193
1.72869855026878,2.76970026633085,1.88923484480241,1.91375862894749,2.76631799244008,2.48968293594115,4.04909347664751,1.3446518390617,1.82260901199462
3.13830898455338,0.872911914353841,1.92156313649286,4.71597448887746,3.69619145123597,1.00015729131945,2.22677333672467,4.35772392982128,2.1138003552616
4.42899095516396,0.358008717270801,3.71322494990146,1.37467570735875,3.94077714222879,1.49374092625111,3.70728723666043,1.79941856807494,3.4105461858791
3.13323211332684,3.6791530028939,1.00861513146386,3.93686529881926,2.58911228283716,3.17739080566971,1.56618292164925,2.44892476834828,4.23881173582841
1.845266538147,1.10840925310092,2.73708535318135,1.42703911867854,1.62511676571547,1.91278581440635,1.66598309717973,2.67339689020568,4.63760354860692
1.78424778731057,3.05161391075206,4.09538671869744,4.383084708218,4.50968470573303,2.73486764441058,0.981120493090246,3.76795435892843,2.74759831676504
4.57385442746186,1.26919205889414,4.13699391962274,2.45614252205816,3.91478090508888,1.91375336161559,1.21456152758887,2.1408362123543,3.65186079357535
2.42572067706316,3.89122892931162,1.3127479927502,0.56454183112277,3.42142715632322,3.10714578874427,2.64956855771755,4.1654759257909,2.6261814809764
1.91744831787091,3.76673745769641,0.744452886192943,1.6571464130322,1.1333705332012,0.472265430810396,4.03211140636355,3.39081532515353,2.65102119463921
2.66470266215043,3.13047746068653,0.81714702412585,2.08697170336847,1.14541167412209,2.61956289213215,3.05093114178354,2.89709717280325,4.08890796578885
1.35673508601176,2.71590213757719,1.49479431419639,0.712903460284637,3.65073294639151,0.654315078363696,3.54271532571141,3.08119508828427,1.5638043353298
4.44688554552622,1.42287350009772,3.0195987827935,3.78376233905589,1.00016632722784,2.90428954905161,3.37178390667756,1.26460003945726,1.64061485136003
2.83922698991286,2.31573355783289,2.45701768458285,0.490077532227559,3.86275443326065,4.39237047198042,1.50571567208285,3.33988759913336,1.44688875863876
2.35184070440003,2.74480183744046,4.65889847551554,3.10244940429973,4.72089392233302,2.373347196566,4.14165182498982,4.27256647372682,2.32870754725579
2.12397820053046,2.78294786575699,3.53505439786142,2.03829237022687,4.49296393255412,1.62942589810072,1.13389265754679,2.95922298581502,4.33592363269022
1.21129558626824,3.00285496095999,0.627641181091778,3.07973098713206,3.6024208520737,1.1891952933771,3.33716154035844,0.747175947177515,0.275654070952674
1.80069282394991,2.65140556893055,3.03442074113071,0.128340132875135,3.96466949250078,0.591079189816199,2.50023409489356,4.7030829200701,2.88117235421529
4.28416031277092,3.70624511857849,2.87627589937917,0.989396120498539,3.72174841489078,4.62759316365619,4.21333347831271,2.33627996944537,2.94518114685378
1.67608239785384,4.78820385295781,3.27756743538269,2.93078436922625,1.38523199159902,1.36105559695105,1.62205867985048,1.91936918596085,0.510974133334821
3.26122836612311,4.10089339877595,1.85995182910434,1.81220586398849,2.70609506956086,1.51713337308803,1.70498305064318,2.86267898774176,0.59966433961544
3.11122952484089,2.94010928953195,3.42909828943358,3.16308612355322,3.33348056438018,3.46736578997737,0.186842224996421,1.36134112373379,3.6870434833765
1.0603742495327,3.6222635484215,2.09164334562508,4.16699755127908,2.46480189576867,4.02961789383029,1.08222492292343,2.84632678770559,1.06313550592022
3.71436997526133,2.72722088558035,0.461857911349216,4.10552134887729,3.89788295035419,4.70481614259456,3.61816357426578,2.96995010266011,4.46233550529176
2.6284251590037,4.07217404598952,2.64570976616204,1.3460639857144,4.46004413566907,1.07981183813087,3.88761967859353,1.18115272284683,1.37222413669201
1.04821531448717,1.77549255667435,4.51446727086726,1.73109328510612,0.293167577524146,2.25643489532173,2.695029680454,0.916346724604024,2.47547464895301
1.13801424513391,4.7162335492752,1.32717148537544,1.06056115808751,3.16607424856222,3.93582887644885,3.396630278798,2.11917657014681,1.50708301039855
2.19064174565114,1.32837963589095,2.88289470548218,4.03528918367729,1.8415876770796,2.58500849560817,0.546829485968628,3.85625097843685,1.02545545908442
0.747418040491582,2.87920216148556,4.02669132091664,2.73303663584025,3.13224779274227,4.08883991964953,2.47076314984425,4.42600191135518,3.77598121210415
1.80828729619615,2.8013272086361,4.78051142916252,2.29774874146929,2.31440363158158,4.77849568026111,4.23465370368899,2.23971294787084,0.986805076781253
0.293314782816451,1.04871778085566,1.15080243756319,1.32349441640114,2.58146314120834,4.41043149681034,0.756537560614001,3.99589746535139,1.42366094075976
3.09975927774655,3.45149847585714,2.96428315859858,0.773553720217955,0.311062175116676,0.83231164946506,2.17771228670917,2.98989232262183,2.53236033523112
1.01604940813367,3.57449762183428,1.17295125331054,3.52602940618416,1.48885450701084,1.65727427107195,0.986127082739375,3.06105091361277,4.55636446681607
3.66718268044392,3.94970159525995,3.24568038193829,2.7919105732739,1.6172887298509,3.90483104344812,4.35936812059587,3.61379237339599,1.60745367891941
4.29365333506861,1.50656792872713,3.21143621680187,4.09317300594418,1.92579345071124,2.15112466570333,4.09845856372459,4.02781262823346,3.31062383295805
1.71246614431974,0.637505425102194,1.99432398206485,2.47020568589336,1.65540299582324,3.79978565770615,3.54025053173781,3.46003042042378,4.37441549604258
3.87195261893288,2.84410733525455,2.86038605128508,2.19729609956825,1.24662112111854,2.1289019516519,0.296394782506803,0.455977172482002,2.55551477917563
1.70312709944259,1.89364889355504,0.612517739151488,4.01508336505899,4.79126277642685,3.88731190564996,1.61086541148654,4.11823889601405,1.20046311533242
1.76693735916604,2.35735878324881,2.99689338848466,4.51237727268162,1.44217222047766,3.53054131961713,4.12050746993301,3.35322065596888,2.28141647098295
3.18353844479757,2.67486250151345,0.976621111588262,4.46389002315601,2.61120821221371,1.46995579106867,4.51072092573874,3.72038495694543,2.23438825474167
3.25591707442486,4.31527865394938,0.900975029184192,3.41003649164754,3.6706437404317,1.84756722534465,4.7820843979062,0.987182982549886,3.56704583588225
3.00685572751996,0.187163471684966,0.593290555257641,1.67386134025839,2.69659123315749,1.21284152635763,3.7244737416007,1.90648044599808,4.84261564175168
1.95731036255031,1.24534144596488,3.56388190022414,2.54487697756954,3.22978546008375,4.00034537355578,2.56746558303718,0.489766758410435,1.1228187881239
0.841419827370148,2.06265561945224,1.1990370313935,2.42515520497103,4.57554226710997,3.55932309955772,3.91064264184196,2.79513452492555,1.47626281152252
1.16011039047432,3.73292910996435,4.64247805874574,3.97667411134153,2.81447893920587,0.646027945884562,3.38340627929778,2.2107625736756,3.42206343300757
2.67570563341549,2.22752871029614,0.796393900206778,2.19411039369751,4.13596360944421,0.8477776981637,2.10100419695175,1.71518252702977,3.82194834796048
2.82735914596188,0.75648388330359,1.53514518426202,2.31011516328401,0.755636151361745,2.18440000598429,1.70463397216483,0.892653510482167,2.3771272779979
3.08246959817968,1.67456276528328,4.81378324778553,2.86040339911991,1.02263460323791,1.11802059171378,4.00755211878137,1.5572102943947,1.37806676812877
3.23465503431915,1.51964328684763,3.40624145016784,0.943797563138476,3.0094628752498,0.385618193825823,4.45563373540778,2.55231871026789,0.398639485607739
1.34841940970009,3.12003396431287,3.85568471254152,3.67631663476426,0.447688345528324,0.931344585299201,0.845171960649197,2.4252645378607,4.17716219939268
2.56332593060972,1.72528455940908,3.56729397362052,1.51196638491022,1.10140328306227,0.181237005150469,3.6902912947131,4.72080099576653,2.14196326446859
0.859134795245016,4.56946077317506,4.28426859256899,4.56981168115564,3.48417464567651,3.67212644455273,1.59391824031505,4.89970894056279,1.12934493432456
1.27644393080228,2.86527096148214,4.00758083281748,4.10737344735651,0.153829843609128,4.13596237976017,1.4442058901104,1.86639185828157,3.43940438487922
4.46962924862909,1.98165147568315,2.96958068539324,2.17619601095509,4.12970264849684,3.65817588620749,2.15016276804602,3.78145975925447,3.28702090828132
2.95833889685129,3.85172788231156,3.83677793709614,0.392222531650274,0.697692009735387,4.38080152014311,1.96722887778818,2.70731159824744,3.27612288266979
2.88468230268249,3.09177507992898,4.36983014308935,3.15122660971986,4.43755348554102,2.40202411182347,3.4437816860188,1.39948964724742,0.688820404256927
3.3760048810569,1.61227389410924,0.504617365026847,2.52735735013272,3.05510785555479,2.19860302360123,2.34778099931852,2.16341458334675,0.759354503789276
4.13546793941892,3.22487970813987,4.88099577708013,3.9566818995449,0.604763033232302,2.14183295955043,0.868677756141755,1.2275960065691,4.39411610674433
4.04954746201547,4.14908957468229,2.12718193884654,2.36000301638054,0.933678207030927,4.22416656930576,3.57242011726921,1.13807728984393,4.8850749917971
4.64819785516016,2.6459226571162,2.61457796294964,3.69663206373755,2.06143588326342,3.26139517427422,1.38209364012239,3.87402982050565,4.74862794228643
2.93667959758081,4.30101377254567,0.860359007289924,1.46415751930745,3.58165087886865,4.28029206560372,3.66397457836795,0.255666042353259,3.83367865355709
3.88652893262403,2.45673926032148,4.99542326545657,1.40664603748202,2.93002823571832,0.313326032983605,2.10923184976325,0.647111053617147,3.76920287487889
4.54504949267732,1.11818930213182,0.722859724987822,3.89629008697416,3.06470261625759,3.12191511540994,2.73231971961551,1.73954911900469,3.37599115390756
2.96850319962064,4.16864457202487,3.52027585733729,0.610142755625828,4.0267963876992,1.58281612333504,1.26406649119948,4.55886508308287,0.537344954873726
1.51983688050223,1.55348840483616,0.947778575374861,4.65673763110163,3.00248835092393,2.45036053726228,2.60176661448705,2.99994547766802,3.91826056241815
4.40579932745744,4.64564206301293,1.59372658061219,3.63148400888755,2.62639456536796,2.60602017974184,3.93021179893473,3.09667362816201,0.391201438961027
4.52743069417257,4.83225231227302,3.88193253741105,2.99824024269637,2.45140775809705,3.91136570777325,1.51496945674432,2.72404482363904,1.68069904403115
3.83785452986689,2.28406483196258,0.305404538658913,2.56645518821606,1.42300977030076,4.83924162282085,0.74641174615745,4.47190494670888,2.35746877649409
1.46049123986735,3.16233287762472,2.13808956415311,0.243444834864116,2.2166886179655,3.33777826308738,1.45832667115983,0.721152660744963,0.725002653596108
0.949067800116551,0.782820899145678,4.27645325856516,2.63557166001608,2.56118220911664,1.45333714115602,0.661005024066893,4.32591691835516,3.75024551712698
2.24326406480296,0.316785553652328,1.69362986898259,1.65169990415976,2.37215576086781,4.9683922036094,1.7718154505362,0.383938368719246,4.48047298385797
3.55077036802884,3.82433499123331,2.33090023153601,1.43871848102869,2.24323844732519,1.17140934078087,3.85840143015969,4.48781712534255,3.51633968749287
2.09411521566327,2.27497968155181,1.3466363314722,2.82910859644873,3.56058894878265,4.96227647834754,1.04181411426375,1.43103823096253,2.26277733180491
3.89883292307193,1.64972114161559,4.16370163515245,2.68322961070453,3.09913755397621,1.08544827049004,1.22538375333388,3.31363596707746,1.04980136707204
1.6037515636782,2.03245436935674,3.88660060837329,0.670093345338013,3.15422660190047,1.83132538015541,2.29844962527679,1.31531525686022,2.29500550102443
2.70795755934785,4.61393411063548,4.21072477865149,1.71675233373488,2.67585757252033,0.89657542575011,2.26052715950261,3.05110369578743,2.71145420443337
0.343541376516223,0.964953894405568,3.19139543544751,2.13915998745745,1.60245252460957,3.36185916270793,0.248215353884094,2.3007927195821,3.67576184481051
2.02004979975615,2.54493108600337,2.39820933375787,4.06108748742944,4.36161261004995,3.87968418724096,4.03597706855572,4.83513772283681,2.03731407417543
3.11628907797224,3.89927498402511,1.64839441662311,0.307499194201664,1.11645122192201,3.71968414324155,4.76098744316638,0.239407349683461,2.34263148960518
1.40898584367119,0.746394495387853,1.43989874156716,0.459796625496936,0.172465208763024,2.83305249277636,4.60922218204616,0.165526880776044,2.42379086778272
1.18038691062719,1.79838299580396,1.41314489660703,1.57096236503188,1.89309749717661,0.490498193157662,1.07055884693889,3.45230074471375,0.85261324680812
3.61070677138859,1.28572036095767,2.77448687277798,0.346162349841092,4.09756384642306,4.44782767421403,4.28840177671047,0.724879613325524,2.69300650944782
4.68609629075491,1.84473801569891,4.16825218320912,0.73746808680828,3.39882787183463,1.88524986516155,2.4441063788131,1.39144662526058,1.00454116407933
0.91032267820742,2.98115679278813,2.06431096632261,4.37432836509647,2.1906130708952,2.36612221174157,2.90868134862866,0.402138942159538,2.45437521142873
2.64206416593469,4.59229628042498,2.26423876160965,1.47269193931989,3.87808263375599,4.50297991310502,1.95555486011808,2.81222735225881,4.16671312376467
2.92477236492804,0.323582029115816,1.07872448630712,0.36610864298878,4.04875243571348,2.42403483201261,1.81950898668746,2.83997715136485,2.0895408316261
0.939146599723841,0.890169581221126,0.169891687807336,4.85300285582902,2.64320585373312,1.39975911236671,0.701437103794247,2.26724510350847,1.31799663032102
4.39049212491117,2.82827943565114,3.61864322799147,2.35168715551886,0.511835284165747,1.02402400595101,1.76002229169325,4.57572230654833,0.216802412930527
4.58938552636054,4.31188714456925,0.359080788060091,3.84322835765814,0.761645122941874,2.4041429643922,2.53109047124418,1.5208906350148,2.98649986998737
1.55707861342741,4.43494588450925,0.920272562035243,2.81617186151037,3.79277398708445,0.537903011426795,2.27737972136977,4.13421484261524,4.20303421031608
0.975604040654551,4.73893675913144,2.97922396844171,2.6428765285259,2.64823246784392,2.47642397945782,4.82123736362543,2.58269674512453,1.78191652885714
2.49559081047057,3.28203629345418,1.6856381542568,3.75719436938729,2.79618745231011,4.98285236055276,3.78871781627322,2.56709360584879,0.287122903014359
1.00194480319694,3.46552416013693,0.564123127592146,2.28326738527889,0.413142492781277,3.61597116748226,4.1968404870418,0.805718078211008,2.02096491454111
4.22989854194783,0.803928689967201,1.04431463880173,4.57889476260694,0.823324583457667,3.13765497159358,1.18497623398824,4.64414619462221,1.22336184219061
1.52702789660805,0.396795443308947,2.57750031352096,2.57960121589538,4.58530472053471,2.31677836607525,2.4545691134634,2.12879774989135,0.435927745342662
4.8519560794516,4.85745371594367,2.91200844079204,3.66074305598752,0.745679860244563,0.333016608965118,1.0275060815257,1.77711826909735,4.31297449089401
2.30269513858948,0.920122088803095,2.18474255040265,1.23926597928407,3.80531991206581,0.626233837676409,4.58685194049217,2.27765207336971,3.08810047531978
0.13615313207393,2.41788457618211,4.31061415484908,3.29158730872878,3.84868578755576,4.93314316008991,2.78282597123948,3.11938881049218,0.314490903617232
3.33928123697999,2.17280117757275,2.67964312211151,2.44065570576355,1.87960734259221,0.960761471014877,4.01644350324903,0.228526034579612,3.4630893263719
1.9364005506059,3.41712883558223,0.44371479709266,3.77421760562912,0.894116919337248,2.10698531514255,2.05905483487772,2.53964243019576,0.370265216525702
3.4215400430719,4.1310504599585,4.50887255192676,4.05672041626717,3.31145172885578,2.08530147466838,3.01888946085365,2.71665854699886,4.61946532689786
4.71915761965595,4.40963530812709,2.20101745265542,3.5963672387664,1.03897855229862,0.191824942690553,4.6880815095061,2.36248407372914,4.29352593703341
2.06768267346831,3.73961818136741,3.44476685842837,0.995992399709649,4.33362122893077,1.81088567046908,3.59767637283029,0.50064181917283,4.97160102333833
3.0323610985764,3.97548372086865,0.550688993080752,4.39992747364991,4.63849374954292,3.24283241169824,2.8095172475804,1.95433086527203,2.15506242034759
4.62634952344536,0.846525587921787,3.78228682122461,1.29147753813956,0.617301668586733,1.50839450209058,1.40667992359307,2.49020863421937,2.10076929778233
2.80323371716955,3.42264417003648,3.67148049006081,4.88462509754387,0.563310549379326,1.89361623132671,1.64545868889103,3.52928715106577,1.57598999440589
1.74731697956461,2.38706674707879,0.471778232744255,0.805851096332306,2.28752806837694,1.04194660734804,3.18579918173718,0.326889084005554,3.60488500628725
1.55794734090252,4.75098368900717,0.681171388189425,1.13958468058682,1.36217312353256,3.69897202337947,0.930497745258268,2.92416927151027,0.581578269083344
4.56201225966931,3.58881766042527,1.36693996465526,1.71871623429476,4.29828828857822,0.517967364605574,0.6215745566595,4.29595171199564,4.22269251580985
2.03976586685836,1.22143896103528,4.49542952609516,2.15317421115178,1.96066424223653,4.69355969957547,1.5778700568162,3.00329617561569,1.99536921586888
3.83483746359183,0.448574358538201,3.09365403824224,1.01326546567719,3.36390271909005,0.690523616217659,2.50154442852823,4.42042005188094,2.67789774781396
4.9780141622916,2.11142324970604,0.875795893199742,4.25188596770755,1.50340368694218,0.565796347913332,1.23379675130878,2.66517456277355,4.24267451187863
1.97440922771924,1.18875503374665,3.50302943922154,3.23717306309956,2.7255220074231,1.44172291921452,1.60594449618895,1.0093291952936,4.04345933311916
4.0303625410946,4.06714068180352,1.08735850724741,3.32613105985324,0.590508768346976,4.65233459790953,4.38116742799641,4.6555091128794,0.475079017942131
2.55603673129261,4.01933054508886,1.94851912045607,0.171677906776604,4.80000597728894,2.98189848758315,0.954705742842343,1.22546308217704,2.05191752435878
3.46099469630478,2.23818080681132,0.178296041605878,3.57038905992109,2.05446862102387,3.16840889694303,4.81211331180989,1.09527497700596,0.768956593804178
2.78923943636753,4.37575623715541,4.48248313831433,3.3669671236159,0.882840865872567,4.18770658482501,3.23934810085944,0.473068966463557,2.91562641036499
3.57837886854378,0.505218477423419,3.13259298724798,1.97998577423819,0.431367892058101,4.99515691714035,3.61336928729538,2.34213774419075,2.85331397130922
2.0777464951399,0.998802372564736,0.499405702170683,2.90959404550761,3.37539726382942,2.82155243493314,4.91131539394293,4.14651095034345,3.10136274846667
2.10248645033495,3.44207884180901,1.66367328624381,4.69942122176557,3.65309992862114,1.80196239483019,0.383679884258425,3.74316158180748,0.924200771734817
0.463339107616397,0.503392204259988,2.70813579098048,2.74098728889227,1.34083266620169,3.02801178415678,2.85141083459469,1.92608089873643,1.77018208085513
2.77658831044013,3.02264324014023,0.997036575790145,0.496565705654677,0.299602655045397,4.60528334896301,3.00998871842993,4.24036630956677,4.05696821408602
2.62011680244649,2.49626110035606,3.80216375939251,3.35279679532867,4.22702232067671,4.45352419642668,2.79560640503012,2.14646856433718,2.99700659815379
4.12851076467626,1.99378259599203,3.54615115586913,4.34374057510419,4.62288159991143,1.3422652470881,0.645143377855187,0.667114371020347,1.98209114867245
4.33539198608615,0.814000542183872,2.04417329027853,1.74322539740731,4.17307181883691,2.97577252408408,2.51919039706676,4.36725248624262,0.154844613878347
4.37663260008086,0.434699733524176,2.49801864390483,4.28668750667752,3.26168182931765,3.16226967188943,2.35504789951275,0.820043040252815,0.119044484140235
1.8276709441226,2.21145312096278,0.585083771705045,0.68662344355043,4.51308716009662,2.6470132062913,0.506036224074662,2.45650227582396,4.8911170107291
0.388950331570173,3.31974141897186,0.88666541933862,2.61534380419872,3.44211881773663,4.61229605282802,3.1060289556692,2.69162778298336,4.49299062915531
0.188367049045279,2.04892625697126,1.03565318641724,2.70884057004098,0.281059963541338,0.564531419769919,0.591561448738852,0.201322983693157,1.35117580719292
0.656820063649793,1.69787443899817,3.95801028517372,2.74957220570301,0.964188940670749,0.91178518884402,4.54962239969836,3.86470256741426,0.327808525186905
0.866734952678264,4.57476027773373,0.765308662194409,2.22772243169684,2.09058438700193,2.45790751179261,3.94228266637976,4.60267109704856,3.12550734880613
0.346963205972454,1.46946276129643,4.64812507238466,0.322464287591516,1.71717160567839,3.29112932789093,4.83814096785785,2.20128190931765,1.83104295986227
0.176575413905724,2.30088971398672,2.81590521471971,4.79058377821103,1.79858679828129,1.68733388900018,2.3697090367658,4.51903230968903,4.37770552821981
0.899764361538342,2.03720288476202,0.798275127231609,3.68811974016955,3.19706217491964,0.948254514444445,3.28357748442626,3.6511301083627,0.807020377125009
2.37496837071591,2.24653838770586,3.58259772529698,4.96840250297444,2.3296601656999,0.271438872068771,4.86103710600751,2.87713310228882,2.18061427280429
4.03458886203927,3.38309731030872,0.156059787088539,1.52927736797399,2.22030779457052,3.32362053611316,0.35332021226309,1.57007434363419,3.60187792983634
4.95905853661447,3.47974519006285,4.0363210169517,4.90729680783255,3.49700976501586,1.09558710802789,3.08820262733882,1.96391433821694,0.252318821204535
2.3819698910187,4.46694792794494,1.72314773986669,2.55141642769094,1.07421037177055,4.01422886309098,1.00440823993436,3.51448003856384,4.1187332366347
4.51239715362753,4.2801988715973,2.0138063075901,0.25111723572365,1.4681261215519,1.19628808936448,4.32747977716959,1.78343145206117,2.19063707624358
3.71305849882844,0.71149309960712,1.74482135521225,0.73550625285483,1.58915300370357,4.12650136794307,0.241630377259338,0.941530819959589,1.71930376930401
3.85899950196617,1.3706749543238,3.97835005386733,1.06845482843166,4.90003527738043,3.8691404670871,1.36808413222054,0.33868191492249,2.93491832054016
0.959287623734097,3.34665959310345,4.578532678032,0.882711201433209,2.95765704135754,0.299952522155945,3.44774398181256,3.68315092726395,4.82467200443172
0.231475303099898,4.70132007978065,4.8411089723382,0.700661905379151,1.96357597915491,4.04173433431191,1.39465110160841,2.19309268803214,1.793867308093
4.96797095349117,3.50112729142752,2.53046761599591,3.22669544462301,4.19702426054532,0.345435937389673,4.40361878511886,3.84503001527023,3.00944581514812
2.58987875540671,1.47524988305126,4.76727142341947,0.414213251113542,3.68718944902212,3.47836960932537,0.231190860665753,3.76072980497073,3.13243375432352
3.45520475784136,0.932961256788287,1.12235573665728,4.45454469579214,2.51222194246389,4.52864553994732,4.69705269788095,1.19378510757472,4.51454600117571
0.454174394623842,4.65886218532012,3.48583856077265,4.07154817140842,0.545412709182827,2.07098032482708,4.16442604547658,1.68025421245769,4.10638946293789
2.69291917033569,2.15131138568942,4.06740067949169,0.577951052618038,2.70962402084906,4.78217191337119,2.59163724469405,2.60942084036663,4.87569560657843
4.83055883625004,2.97066707455361,1.8641902474853,3.14191640249209,4.90480918818456,4.54246667433437,1.16155770443525,1.83952970416023,0.712250353572192
1.23871400515188,2.44051671491319,1.46703769342555,4.8448625750409,1.01713142850576,4.4823639549521,2.76111774789158,3.24292330650904,4.83655565999309
4.42044354758551,4.55597254852654,4.62621112851996,2.33762392490282,2.858034516791,2.17322066094517,2.83902959589427,4.20475918895844,0.207554962177645
4.06412318150437,3.34074712702516,2.69158123262034,1.11566356869304,2.17416913274839,0.170161379338009,0.124602946121711,3.41509235496237,2.2264024549342
3.20209478590888,0.573512134903984,4.6803906228508,1.1206133900751,3.04214350187272,3.1921976543112,4.1703206038808,4.3479943601077,1.65943757121457
3.95146971713362,3.9880026489661,4.59791861257312,3.43267949183326,1.3054928947094,4.64051400155865,4.31313044790679,3.30685584620439,4.72040133483906
0.121995036282053,4.16013495699101,2.712582750095,4.43322896644537,4.23004827987205,2.96287665440445,1.73490498349257,2.93814062669198,4.99569518708606
3.87696232132072,0.216331454437983,4.82155075536307,4.29832485728001,4.11094541542768,4.26245352926961,3.80472710252291,2.76175484876049,1.20523573560419
4.55451626613399,4.25691674520151,4.18787542621209,2.40050883216882,4.38359445977828,1.99065825213626,4.64675058633776,0.876618013892963,2.78090040423052
0.378632563847757,4.36870753283036,2.66626088358153,1.7831179300932,2.88203357329307,1.64683017033659,0.906472382455249,1.10724714201258,2.40032371658844
4.30977652883489,1.3177292732303,1.13307071132114,4.13185832505988,0.663976156898774,1.63980651224137,3.65121999350912,3.07346442915843,0.554755273638701
4.2639696886036,0.22635745718237,0.536326508546888,0.514963285277598,1.18479436378129,1.2544869994208,1.05863903415337,1.75155209244543,3.7970430516022
0.47816379291279,3.91831186985318,3.90509902355948,4.58855215545261,4.65024041014066,3.05283493455831,4.06819200712687,1.05955934331444,1.87114792696602
1.30774610750482,2.53509804154874,0.221166711136582,3.70618376448687,1.69081676909653,0.818285044882388,1.84391512657545,0.131264418061764,4.8036610640912
1.37427541786316,4.41678682419646,3.67972503755923,1.61903072212444,1.25212985701941,2.58773140706745,2.07391904228926,4.76744155622023,0.74589977454656
1.5016480265251,3.40365259981051,4.86814266800392,3.73528566861386,0.423568000852713,2.16757045379392,1.1059924582899,0.455150603450486,1.39338964088599
0.270192160096427,4.924206501448,1.24463546850585,0.100747762835235,2.11664098936145,2.34078505436832,2.25426831607014,2.78617253967357,4.42135474298237
3.50283546591958,2.56906287222332,2.17193003074272,1.33105920537648,1.28254685736634,3.5919750066484,3.07319721337303,2.03355316341791,0.937962741362921
0.774793209056137,2.01783312622237,1.76481148719118,1.56187062561681,0.211275084414228,3.02452283314808,0.148132641010045,4.66548095751076,0.84107418429997
2.81043958996603,4.7991680581852,4.86305824413139,4.55611758510739,2.36145942598581,4.27528383408842,0.516880032604444,2.31155852839671,3.34884305176855
4.00012543867819,2.26149283121259,0.370912973780709,4.83114974213985,4.00863356412639,0.119280042932252,4.89683401166368,0.999197578280175,0.223061427291017
3.05331917759392,4.21205305795692,0.344479857009312,2.43867452559003,4.41545161012036,4.34511672960524,1.5475357914801,4.25560673278454,1.10743945612997
0.611606255864608,3.75442796599545,3.93438256236934,3.06881568857812,3.11889469427499,0.150968913991121,0.790472855013097,3.97620692562388,1.628651067756
0.560683883446094,1.63940724716731,1.02523051514511,4.12784784231632,0.487409932834387,2.99794993076765,4.79903725785273,4.71145025574102,1.91645302308234
0.161939173913386,0.295573583571066,0.675154301246221,4.32275013041042,1.4183426141424,4.81813829318096,2.40334130480018,0.789628851089801,0.718925015602668
0.806386424239143,2.07286433726072,0.929549458923459,0.758752632799617,1.22980455497396,0.465569130332093,4.26327942482836,0.846920840116276,0.654672567530768
4.90792722852738,3.17049095844582,2.60646630260634,4.80699727853539,2.00338947241643,4.04884925519989,2.73801803270052,2.08595153513772,2.4973178651515
0.368095378635218,4.96753027783957,3.925838600986,4.74974056483473,4.27659323889506,2.89250028192782,0.399289642426418,1.45309894248459,2.27049672699708
2.27572616509511,4.89886376165733,4.60818171505432,1.31167220319196,3.28649924121646,3.57539873683901,0.830048274776607,0.412259909786109,3.96633398172271
1.21921228571248,4.87038176095107,2.48012872702302,0.553037517985038,2.66343581627274,4.8134493809425,4.59731307651813,3.19500551542419,4.54664859930385
0.922340767082467,1.1438316510474,4.43641876050452,4.82039130807534,4.88771579578973,2.01623183265328,1.748331179664,1.04813697828376,2.44401844625454
2.48185799621564,2.90119058492198,3.36805038477841,2.83285380478,0.40415310484072,2.24650094234233,4.99943944734568,4.68553434252547,4.44822772655124
0.491031131734431,2.20602526226552,4.11735351933021,2.23173354186764,0.337453940786945,4.56787539005565,4.67097302525304,4.52732977971813,1.24640835397161
1.19356207060558,0.935816813198791,1.25566480231105,0.12229915207508,2.02803168024396,0.436336277693568,2.40243283909204,4.79798724125291,3.15918681182084
1.60693351371313,0.723986068162543,0.20342443467211,0.858855286612234,0.924533358524379,3.37589320702181,1.15026996784413,3.80677697450836,4.01088385913213
3.38634567999572,4.11221970078559,0.936744234572921,4.97624099445762,3.77956210877345,0.282656636032974,1.99139560862992,1.43568873961776,3.33533059520053
2.2083697614526,0.641416461146437,4.33960452644312,4.49526239570527,0.461655315989512,1.96655585105502,3.13444720494485,4.45705726142169,2.02532045549346
4.09692127759167,0.559353638238856,3.65553513655736,4.92679248634452,0.570515514442464,4.9250933499285,2.82682430049765,3.57820192519884,4.58802086295467
3.75077432855748,0.868812636086135,4.92928545108612,4.41427785413043,1.56126814161195,0.365015790907375,0.322307976044773,1.47206945855939,1.30340545061545
1.25623643824796,0.653653314814088,3.73419078714977,2.50033955618617,4.40570852290659,4.33473965874204,1.34078996285284,3.63841961762193,4.93606837204244
4.60806628786446,1.17753252373124,0.224704519829771,0.649140091220092,3.71070288860425,0.71224298375065,4.44350036130421,3.12810252002336,1.41493367608252
0.730353660111025,2.47644211869146,2.55927867019403,0.595880970586499,1.1997883176094,3.79763939071214,2.61381203235331,1.30922216259182,3.3937792293494
0.200765069235465,0.3491770728259,0.108384271663032,4.61393391636241,4.99600383030536,1.52681223027332,3.28846920130565,4.59308039500559,3.80849013989378
4.88834270414466,3.23865311664838,2.26858030757913,3.92617148502643,4.1853630383843,1.26986327707145,1.8130842427602,4.95075757838628,0.973780264028756
4.8279598328899,0.484205786500359,1.73535978670185,2.89187883832952,3.8143393468241,0.608368066432944,2.94136067705828,0.221330020341615,4.95220575617702
0.545596550873306,2.60805446734972,0.196787309936481,4.53697006712109,4.69663968251785,2.43110071485594,4.47618447559001,1.49559102165612,3.16607945591857
2.98487295090308,4.03585976871877,3.77273279523361,1.48774386007886,0.806833996870089,1.69875515057554,2.98950503965351,1.98671796840249,4.98628344586858
0.821297636781645,1.0303762845071,4.96893230615766,1.3628374632725,1.70355174124514,1.13424630150228,1.01106050186639,4.09539452815329,0.781282744462602
0.588511839895626,0.412482627234596,2.93604219772405,1.19403864222206,4.7572043214296,2.00431140069186,2.37880630512285,0.50940134500264,4.14134859906411
1.45533104124741,0.389086857068585,1.18387712831551,4.76873986117885,2.51825135137234,4.90879776487208,0.163843472658366,2.91561002221587,1.93135533421079
3.59817782049015,0.457056980652676,2.42887833824061,3.47084865377925,0.867477074666414,3.31899492475571,0.209044806585705,2.51196077368391,4.95082337040576
3.24590472046915,2.12991449055023,0.419156239481992,0.812364962577412,3.9320717752935,3.748063157522,2.58591722467192,0.290444825438724,1.52955569408345
0.600222498746996,3.07713458461646,4.19481267111114,3.44882171596115,4.8357048741586,1.37059957179613,2.67575493996393,4.96368802925781,4.04831432090467
3.29788320452068,4.90388504410826,0.571011918834469,0.277878034022113,4.77748662696639,1.30954918226018,1.90721822786517,1.11881005938834,4.67139204863517
4.95069786536792,0.681865368106752,1.81823326128902,4.25491848737118,4.66219257529703,4.89044472671667,2.14116748381185,4.78047595428425,2.66904656013212
1.8979357983956,4.51625867491739,4.2632127187266,1.8254838070611,4.39300521643908,4.85583963217057,2.63802338189376,0.372741565434728,0.364207360544766
0.321626481143001,3.30802842271997,3.60751204454916,0.823782961095858,0.736444426277012,1.38923798583995,0.460141444020323,3.79042545268527,3.95073856430111
3.41064021445485,4.44151205040986,4.25109034239739,0.288301277993945,2.41068961725471,2.23110715713218,0.726017519068089,1.86287419964559,0.492940911045647
1.57421651833161,1.81781231060071,1.50270936722239,0.399261222423927,3.03751021728502,4.32499097603647,4.0749637006488,4.07386755384563,1.10080551986402
2.7190739960908,0.669328622081783,3.30040639449784,3.58463661937631,4.47970562889666,1.81756527307484,4.53924532463105,3.57914617343515,4.76058025314333
3.28791426807002,1.78759347945941,3.74814364904305,4.94895064643736,4.98178344885574,0.324852434608212,0.79974970216793,4.20118338922923,4.45409077280125
0.890785941934853,2.18799667490966,3.59671938205266,0.623227634778363,4.92310769401584,0.221592636583489,3.95423188682477,0.548667169105669,0.567490924197191
2.53365310529526,3.77589493985393,4.69096195068763,4.67855104315403,1.90650857923715,2.87927444203006,4.72187207838258,1.6037111609425,1.03769838733517
4.71083126546419,3.86370655757107,4.40847958074918,0.26107110839861,4.24400084683613,4.37077357268002,2.24326671504718,3.91483824000618,3.09166546673037
2.65406039556075,3.69662792663148,4.70090940520074,2.78084934302379,4.30899165071838,4.19424614300678,0.260294523558172,4.11146437259222,0.959275592750637
4.14698488148442,4.63631454439258,1.80751548330183,3.64141431321873,0.326768302746292,3.71305064694077,4.18645749025373,0.679894578445237,0.240323600912001
2.90536172750196,4.81601112799271,0.246668786561408,3.04762970507465,0.978995488253713,0.637277837193455,4.42111587088666,0.177845573221159,3.86277982589859
4.21523032262636,4.94031434023147,2.35940746366954,4.99358622960932,2.27170738127764,2.75419105672027,4.92439543619676,3.44341365457547,4.07560696269857
1.02326536134223,3.52874734594236,4.75521707164717,0.566404109917232,0.192873942495557,0.255599500431272,2.7514325013514,0.431937147985853,1.08799459909083
4.60321291944146,1.00908160760876,0.825242192127218,1.02024497865746,3.76786686384224,3.21820117723901,3.48424120105221,2.65548921695486,4.27167741991579
0.773584997863451,4.99789100382494,4.54972318987781,3.01424017523974,0.540107540158206,4.49172716161091,2.66171218587365,3.88698966572841,3.61945922046073
4.81424663712369,0.163033903196803,3.91445355489902,0.899934022549365,0.253546506990853,1.05037113698176,4.21929317697726,4.31031408794719,2.90365480275045
1.12794354208151,0.339081148668251,2.80067828261381,0.968166772620345,4.80768829971721,4.52013317764108,1.12656379645492,4.04793764157145,0.133448649095953
2.36313758959185,0.831685973033134,1.42754923781008,4.31074582870305,0.640006557932182,0.498972654268553,4.27635085524095,0.111386728445475,1.2695278459015
3.58085296947084,3.14357368484297,3.11556199081306,4.16790770723199,0.841131870602432,4.9454993287648,0.761653751690814,4.38091106865439,0.619771825619799
4.69706045074394,0.972128243359621,0.71214460309752,0.628100701091811,0.381224711157265,1.55613656581554,4.84216569759965,1.02999674156983,4.80753264553985
1.42107325402723,4.68081014009565,0.282081396075839,4.73052129808348,1.85848079283349,2.54447067553137,4.98226679246355,3.94422182427824,0.304841687051405
1.94184531012509,3.07567480976938,4.29242113885784,4.39457550108893,4.85168674536695,0.664894755002752,4.36814603871858,0.318103421085805,4.43570733494841
1.44334290302329,0.299947246373049,4.71195440364088,0.431867365456419,0.382165722961712,3.76399866030761,1.69138261393376,4.17377910440054,4.15397956466931
4.19927106681577,3.92749685483915,4.05231258582731,0.376648157031042,1.04916894764116,3.30004203407519,4.8865231291012,4.67842883932381,2.50107123875892
0.495045160447888,4.0474135102898,4.14528198613226,4.95820009902376,0.907678656903911,0.445375244827708,1.35285115490039,0.139305957496399,4.66581956123241
4.75819987118838,3.37175123644888,1.56166750806943,1.96169697481039,2.94210683535662,0.887296853260195,1.83073566981195,0.655161042102263,1.71437707541353
2.17035697420908,2.37353598113061,2.24693319868878,2.41349496287736,2.8745261487579,2.35336777369276,1.78551489552564,3.73679511562403,2.72491699655057
4.93004792686238,2.68480265007948,4.90641289853305,4.79658514108567,3.73067906802357,3.40039994992095,2.03930033150635,4.40684295942844,3.25791671303607
0.622873745629913,0.789231583374203,4.46256213327521,4.47578420459363,4.71382625837746,0.147715603095654,3.96841826068918,3.96059036022879,0.794744845623209
4.73232047604281,1.43304214566347,4.92071381359897,3.31292784104048,2.24691119132633,0.875400751946319,4.74946971890319,4.567344554596,0.664812602152291
1.63850564945187,4.47926475242624,4.93887497370609,0.864560338937037,4.21230058141646,2.67191183029616,4.43437692288891,3.2971393437637,2.61656672587385
0.274573050653096,2.34782910523802,3.64577352354035,3.27264410479169,2.73731648937025,4.88804872711922,0.276570342930791,1.14946634857944,1.23311471225187
4.34366417162895,4.92835684993246,3.46211051106197,4.44068985017232,4.86359204938443,4.30368928698794,3.86168659268384,0.114923171134898,0.346853248202533
3.80840831955278,0.143586118311214,1.45900038083212,4.33169754971395,0.177061029356788,0.767161003901449,0.432230073294428,2.73550030071463,2.08167750964593
4.8981745653344,0.251787526561762,1.62920940980327,0.782497009294864,1.81184403086989,2.72797421768162,0.565202129903482,4.62111626115342,2.59157053355535
1.37386583784263,4.82162687400012,2.05410304038069,3.61475559634512,0.791547370707092,0.110974649448704,4.58089585797244,1.07507793394377,0.188341143218277
2.89936442770233,3.80524449058884,1.82860122446314,4.62506217781093,0.814491077651735,3.84954553855327,0.149784662001475,0.7082520057254,2.57152687596181
0.234919628547563,0.524307807974343,4.12521660787694,1.94571839030919,3.9883868696079,3.95265131032537,4.66398894631932,0.96559443342645,0.415330652136588
4.26802170258027,1.73606928252743,4.44589823369705,1.90184835015715,1.97732128131465,3.52165344724979,4.50215332028066,0.306029274049797,3.03922936300054
1.17229930696002,0.725706685977057,0.14647690725635,1.84575574286399,3.62527130160807,0.586465187388705,1.29725181729306,0.603104583409033,1.47114327289024
3.96988626080222,0.239329011577647,0.983479672849004,3.82380021156592,4.28832798273611,0.236533440887695,4.25193066751357,4.98600499816518,0.261407238853513
4.44880614711746,4.85244415228849,4.3609575552076,2.07689851820475,4.34668292777514,0.760015107302112,0.452749642086099,1.75898021149676,3.92920597311604
4.74763551632711,4.02609199363959,0.618609754615929,1.69493400206784,0.784686772804882,1.55898846735724,3.2187276932245,4.03508316091547,0.181583460873866
2.85846209366457,0.176727786472766,2.78740972000378,0.217250390293717,0.70581283266074,0.837857713102887,1.87711311615945,0.424681515202101,0.87126557019254
0.627093013199046,0.552497664976458,0.255737141492486,1.77766447311902,0.266042000100832,0.9787933219439,4.09089181411255,1.6978936693914,3.89431769336615
1.2952908091984,4.19932707902248,1.40416583344154,4.27511445658363,4.07871417532512,3.34999486133846,4.93017280043714,4.9107289037169,4.77256461055798
4.17698814647936,3.87451158056856,1.11372341981478,0.137788474288129,0.346078269464837,4.87562736193056,0.424517342495266,1.72059641106875,1.4865462779855
4.87677965684375,3.19400819818658,0.28680777148396,3.37524132685887,4.31770099864877,4.23856643525453,4.9423229171639,0.578238500483509,2.6424719394187
0.506756735329574,4.2178627318939,3.04239291744831,0.154489066740382,0.680569574300316,1.15414663039759,4.77228323918942,3.36978748808679,1.84846241300413
0.420281031863357,4.50510555602738,1.27770294628345,3.72357147787948,4.52991894878895,1.29799645838811,0.108052731427888,0.630722534390341,4.9183921508076
2.51853447543975,4.97808780700591,0.654697190914187,1.58621735356777,4.60069576957601,2.07469542098587,4.38925424950582,3.66798066554702,1.29606008174282
2.9922729040836,0.201007914394373,4.71975133765949,4.90014670093462,0.473791276699572,3.78232914468367,0.665249760760751,0.623936297765875,2.81244009701331
0.670371343820938,0.951203121006198,4.42232639746106,4.91613556721719,2.96807419800846,4.73305991472147,4.71020432710438,4.95417733791046,3.24654210815567
4.36624400528823,1.92684197080601,4.95884017880162,2.94327882687107,1.39775625827,0.425472602969327,0.916617185451963,4.22075497820653,4.18882435701019
3.92521768657747,0.266574616829574,2.16627898599027,4.22787621265568,4.56597927971795,4.21036848633992,0.535982367509278,0.857849725415523,3.65856460839778
0.215721493769088,0.900034429424966,1.16039629839326,0.540606758335314,3.4690670656219,4.09369230133394,3.97836820211384,4.75890602024284,4.85557171444484
3.91265015687526,1.60177057319717,0.692331781013694,3.39026865982957,0.364910235250543,3.73148883435084,4.15104487993498,4.01065195279598,3.45273539248377
2.39619236258522,4.53322297708993,3.14843555063801,4.18575461383379,4.53580647388269,0.411770589749969,1.94077366875648,0.562763436951209,0.448205727741588
4.78279108322953,3.05410858420341,0.13545557173813,1.03915549095743,1.31441695690411,0.868145739502157,2.31174037033005,3.98873122666357,4.60662374623469
0.253591932798154,4.4960385572344,0.644537497836398,2.79521139761503,3.34483567797032,4.8521232379782,3.75036870345176,0.772436344519374,0.10216697356198
1.24803413634136,4.23593199544633,2.15763055716053,3.86815284936212,2.42240370290924,4.11249376130704,3.90827765501133,0.277304523532861,4.70993290990777
3.8187759023722,3.22020850813587,0.751122393523925,0.846755486352136,3.7612710647264,4.46412899928482,0.813222182739875,4.81963131204312,4.65364404105226
4.49945507555501,1.06970783288474,0.402389493842144,3.61635222370963,1.76876621454646,4.57146829406102,0.31214905881288,1.65761400450033,0.147070472785446
2.26549425425776,4.75648796023248,2.4039865297142,4.00447525320965,0.492224903891911,0.395347177791002,2.48524344967731,4.54261365399678,3.73077143554372
4.9918385133706,0.612535152734665,4.89034171738219,1.55053921487904,2.39119482183899,3.99519437887729,1.25583239231189,3.03738099158724,0.334401215571328
0.431225175801781,0.472308691944927,0.726538065630186,3.99410698394006,0.914659764338634,3.68266109884181,0.942538467996055,0.358852803636226,3.97395601060084
2.16823090063676,1.06203194427106,4.45361661960132,0.344284512290149,4.75218756837863,1.22912902643805,0.379860701027908,1.03485333144222,0.605430565666
0.298082228560408,0.136601241960598,1.22234013436129,2.8771178586692,3.7484167537007,0.720071223922249,0.344726007140707,3.82230022809649,4.5706393020181
0.108656696784194,4.59903340873006,0.269811145824555,3.96743608922447,4.9633414426652,2.38172723541537,0.183265729062608,4.98953196201765,3.22634933833388
0.520594846472028,0.579263289831637,4.53971192377031,3.09451431740273,1.32912494287768,1.7255249760091,3.77657683757698,2.28053068491782,4.28028799881804
4.6737075746546,3.53589984737843,2.9015271761943,0.189363782391243,4.81870841763605,1.00949705843016,3.77441035821999,3.5420228310416,4.57845237450924
0.537291324110818,0.110138158529007,1.2922194562314,0.225219542877574,2.38370805402717,4.74451459951693,1.19235413034388,0.690199058475788,0.517446989695949
2.54860278617678,0.283685169195,1.38291167468933,4.23634146392683,4.46650634607737,4.41600159918412,4.52263426982187,2.77760635747667,0.68662894482346
4.79885009657237,4.35207591155492,4.98196886370634,1.92562373838387,1.26788377277914,0.229064934191527,3.72698319074378,1.54319198869832,1.40295481098222
0.573308093060681,4.24061956213112,0.486391033470864,0.789165479221207,2.92102963125252,4.66020222365123,0.676752279997105,0.2675738129206,4.21052183242002
4.63729455271899,4.27576903455367,4.79778846655897,2.05997337911266,0.207268833565933,3.93018759014923,0.40844700623292,3.61810562969599,3.30908682846319
4.35127623958973,2.09500999199913,0.320165773335088,0.980399133549887,4.93006977296568,0.68678863195685,0.606772790942516,3.5948198200608,1.51335699031723
4.77497926941194,1.96480751998996,4.07768491314707,3.8266446987408,0.109923834305373,4.43418649282731,4.48837880544469,3.25395730160165,0.46233476612682
0.410501388722681,1.53219902339217,2.83018232961989,4.68947991908959,1.06441680204502,0.514286228874116,1.47831247043621,2.82441203477286,0.641155261956563
2.00881214880798,0.117832315454376,3.37522664835217,4.60616090385249,4.87378356946807,2.55697480269248,0.214551152229542,4.39390875372791,0.819988585410872
3.68256134251319,0.537776007225679,0.39330218867847,0.468926559079962,0.652483316662197,3.51110287774506,4.95271416292235,0.535951700177975,0.420964199175243
0.797811369358155,0.375042343782203,4.31856212934048,0.425038795775326,4.68029622480139,0.376318223420589,3.17283705306851,4.61992673955299,2.38997659927682
4.01465542513772,4.77519736328447,2.4179109780452,4.66725962260191,4.68381074332917,4.59524758588907,1.41322438540874,2.04909813149856,3.87994258816156
0.144225696596783,2.58751636983705,4.74372599372698,1.25794711123424,4.96050755647861,4.7983575762015,3.20530915783072,0.979041436348518,4.70383223867003
1.96559978323564,4.62769314288232,1.31386319593253,0.94905185375514,0.242187614154245,0.206908010973071,0.777946913855616,1.25303986962483,2.85899913238891
1.88105110036675,3.55854295736435,4.73773653020791,0.309661350542097,0.14437764000555,4.24342079958587,3.83715321777388,0.757739248282625,0.919704412611784
4.85765522355214,1.95624494030164,1.92587295086461,4.52913947486028,0.133579143909097,1.53616069348139,3.22380018766812,0.570666773585836,4.35461539271008
0.760782465443597,0.15906703559123,0.412921169279318,2.2484374658005,4.14623703012906,3.82432656254736,4.73170360726537,0.194647773734119,4.34176278355176
4.08227155825839,2.70430016406614,3.10452982805489,0.205802220191981,4.94174811027537,4.55410227228364,4.11336632736243,2.52161591657676,0.170301933357317
0.641617176026979,3.55289904170984,0.431468526985089,3.56006681138265,0.951814796382969,4.7554619662253,2.01507143448736,4.48232543503435,1.80672180990357
0.156297074236092,4.69110717631923,2.92800157174421,0.182609602401266,4.61679527439142,2.71746870233718,0.286573226497683,3.82975132261275,1.55069626318832
3.64617508518032,0.427140885054017,3.79277602341218,3.17902552322042,4.16196218110679,0.290656754368392,3.81779442289943,1.28333909087238,1.64549213830836
0.311133850187121,2.5815106414684,4.84020318686491,4.5019895536523,2.3221160292495,3.48233101007796,0.119981567672046,4.25093980669975,4.78007074559329
4.19047477010771,1.56088576645026,4.53342860589788,1.50131042367173,3.3027275653517,4.67103309851827,4.96986982253275,4.86538271607878,4.90958726941672
0.398582282318326,4.09085265216726,1.71170185396099,1.86268634018407,3.38587241914735,0.131928984464088,4.46178741935344,1.82634388415923,4.3255419261721
1.14345021081739,2.39552454234136,0.322423370451725,4.63255635658978,4.73385820942535,3.42639502809651,0.50351865608315,0.155262126571557,1.14757595307141
4.31824282543972,4.87971364363935,0.116967573954258,0.65292274721089,1.1711355560876,4.7259802043864,4.87585756009317,2.41136333020416,2.83429136438668
4.91801227169868,1.34851509033854,0.351690776881296,4.7651941086353,3.57720773248229,1.43389898146677,2.86659126553475,4.91626380802743,4.73257264248736
4.66328838744591,4.95123778222816,2.76559070823836,4.72610696667456,0.52527391343459,0.790193892255309,0.358385386113718,2.42946827904554,0.483540363874985
2.03502909150039,0.618406277568953,1.97547780567181,0.693450504730223,0.232604190683167,1.76981446128304,3.24934290365159,4.85500972825295,0.545103696812177
0.683596215590544,1.80961553379137,3.06368770551874,4.86918668234896,0.123128238234087,4.71509993406862,4.56907131565973,0.59378665027133,1.85331052201003
2.31390469237574,4.71989010320511,4.32756690992112,4.36067025629699,4.55658068772208,3.08518441405002,4.31888947933924,4.88149934137642,0.63046758244856
3.63243791310943,1.71098609361739,3.18086878088291,0.450531325978809,2.35176074792142,2.65257869585324,0.471837932622642,0.860708200619672,4.68242272886966
