0.910196078431373
0.864705882352941
0.95921568627451
0.864313725490196
0.82156862745098
0.89921568627451
0.848627450980392
0.874117647058824
0.803137254901961
0.825882352941176
0.961960784313726
0.965882352941177
0.906274509803922
0.865098039215686
0.86
0.885490196078431
0.859607843137255
0.875294117647059
0.868235294117647
0.850980392156863
0.856470588235294
0.868235294117647
0.846666666666667
0.845098039215686
0.846274509803921
0.799607843137255
0.865882352941177
0.814117647058824
0.938823529411765
0.889019607843137
0.908235294117648
0.89843137254902
0.893725490196079
0.82
0.966666666666667
0.890588235294118
0.900392156862745
0.893725490196078
0.842352941176471
0.826274509803922
0.884313725490196
0.877647058823529
0.867843137254902
0.805098039215686
0.814117647058823
0.792549019607843
0.970588235294118
0.892549019607843
0.80078431372549
0.876470588235294
0.936078431372549
0.833333333333333
0.749411764705882
0.848627450980392
0.81843137254902
0.877254901960784
0.884313725490196
0.847450980392157
0.85921568627451
0.884705882352941
0.873333333333333
0.832941176470588
0.918039215686275
0.94156862745098
0.849803921568628
0.86078431372549
0.847450980392157
0.801176470588235
0.869803921568628
0.914509803921569
0.839607843137255
0.848627450980392
0.872549019607843
0.86
0.849019607843137
0.900392156862745
0.913333333333333
0.879607843137255
0.858823529411765
0.821960784313725
0.724313725490196
0.855686274509804
0.88
0.916470588235294
0.790588235294117
0.826274509803921
0.760392156862745
0.8
0.973725490196079
0.818823529411765
0.844313725490196
0.830196078431373
0.795294117647059
0.776078431372549
0.893725490196078
0.867843137254902
0.842745098039216
0.871764705882353
0.9
0.877254901960785
0.965098039215687
0.853725490196078
0.960392156862745
0.973725490196079
0.892156862745098
0.865882352941177
0.86078431372549
0.843137254901961
0.892941176470588
0.827843137254902
0.867450980392157
0.910980392156863
0.904705882352942
0.885882352941177
0.953333333333334
0.976470588235294
0.878039215686275
0.838039215686274
0.864705882352941
0.888627450980392
0.868627450980392
0.853725490196078
0.837254901960784
0.823529411764706
0.887450980392157
0.818039215686274
0.868235294117647
0.843529411764706
0.883529411764706
0.908627450980392
0.952549019607844
0.852156862745098
0.878823529411765
0.972156862745098
0.888235294117647
0.983137254901961
0.910980392156863
0.950980392156863
0.869019607843137
0.911372549019608
0.927843137254902
0.896862745098039
0.876470588235294
0.86
0.962745098039216
0.961960784313726
0.919607843137255
0.847843137254902
0.851372549019608
0.97921568627451
0.772156862745098
0.95764705882353
0.832549019607843
0.815294117647059
0.849411764705882
0.852549019607843
0.87843137254902
0.88078431372549
0.76156862745098
0.827843137254902
0.970588235294118
0.954117647058824
0.858039215686275
0.85921568627451
0.903137254901961
0.877254901960784
0.824705882352941
0.789803921568627
0.907058823529412
0.833725490196079
0.808235294117647
0.801568627450981
0.928627450980392
0.810196078431372
0.903137254901961
0.922745098039216
0.917647058823529
0.878039215686275
0.863921568627451
0.943529411764706
0.901960784313726
0.856078431372549
0.965098039215687
0.841176470588235
0.883137254901961
0.864705882352941
0.868627450980392
0.912549019607843
0.869019607843137
0.916078431372549
0.822745098039216
0.869803921568627
0.896078431372549
0.889019607843137
0.906274509803922
0.895294117647059
0.877254901960784
0.82
0.936862745098039
0.921960784313726
0.825490196078431
0.961568627450981
0.798823529411765
0.896862745098039
0.829019607843137
0.806666666666667
0.932941176470588
0.908627450980392
0.871764705882353
0.971764705882353
0.894509803921569
0.972156862745098
0.84
0.932156862745098
0.85843137254902
0.903529411764706
0.834117647058823
0.875294117647059
0.813333333333333
0.77843137254902
0.866274509803922
0.852941176470588
0.869019607843137
0.844313725490196
0.838823529411765
0.897647058823529
0.891764705882353
0.830980392156863
0.889019607843137
0.827058823529412
0.866666666666667
0.857254901960784
0.789803921568627
0.841960784313725
0.827058823529412
0.885098039215686
0.815686274509804
0.871764705882353
0.772941176470588
0.970588235294118
0.870588235294118
0.969019607843138
0.86078431372549
0.963529411764706
0.973725490196079
0.798039215686274
0.961176470588235
0.858039215686274
0.833333333333333
0.879607843137255
0.855686274509804
0.854509803921568
0.958823529411765
0.86
0.92156862745098
0.870980392156863
0.873333333333333
0.833725490196079
0.814117647058823
0.921568627450981
0.841176470588235
0.839607843137255
0.917647058823529
0.860392156862745
0.848627450980392
0.865490196078431
0.845098039215686
0.854117647058823
0.84
0.958039215686275
0.975294117647059
0.901568627450981
0.86156862745098
0.932941176470588
0.809019607843137
0.903529411764706
0.914901960784314
0.909411764705883
0.856470588235294
0.855294117647059
0.86
0.852941176470588
0.925098039215686
0.793333333333333
0.914117647058824
0.964313725490196
0.945882352941177
0.890980392156863
0.960784313725491
0.749019607843137
0.862745098039215
0.854509803921569
0.853333333333333
0.866666666666667
0.845490196078431
0.881176470588235
0.786274509803922
0.970588235294118
0.802745098039216
0.810980392156863
0.828235294117647
0.953725490196079
0.969803921568628
0.842745098039215
0.909411764705882
0.848627450980392
0.870980392156863
0.890980392156863
0.787843137254902
0.875686274509804
0.922745098039216
0.832549019607843
0.908235294117647
0.870196078431373
0.89843137254902
0.852941176470588
0.816862745098039
0.818039215686274
0.98
0.910980392156863
0.981568627450981
0.887843137254902
0.852941176470588
0.96156862745098
0.839607843137255
0.845882352941177
0.954117647058824
0.917647058823529
0.955686274509804
0.85921568627451
0.838823529411765
0.807843137254902
0.821960784313725
0.809019607843137
0.844705882352941
0.972941176470589
0.867058823529412
0.93764705882353
0.863137254901961
0.792941176470588
0.878431372549019
0.830588235294118
0.830588235294118
0.789411764705882
0.83843137254902
0.970588235294118
0.926666666666667
0.810196078431372
0.960392156862745
0.949411764705883
0.847450980392157
0.833333333333333
0.843137254901961
0.910196078431373
0.869803921568627
0.914901960784314
0.847058823529412
0.878039215686274
0.828627450980392
0.838039215686274
0.854117647058824
0.78078431372549
0.852549019607843
0.95686274509804
0.956470588235294
0.97921568627451
0.849803921568627
0.958823529411765
0.842745098039215
0.768235294117647
0.958039215686275
0.802745098039216
0.881176470588236
0.842745098039216
0.823137254901961
0.867450980392157
0.847058823529412
0.889411764705882
0.78
0.895686274509804
0.865882352941176
0.88235294117647
0.876862745098039
0.88078431372549
0.841960784313725
0.848235294117647
0.84156862745098
0.873333333333333
0.850980392156862
0.870588235294118
0.882352941176471
0.864705882352941
0.879607843137255
0.907843137254902
0.875686274509804
0.867450980392157
0.773725490196078
0.803137254901961
0.857647058823529
0.98
0.892156862745098
0.9
0.806274509803921
0.822352941176471
0.811372549019607
0.78
0.944705882352942
0.874509803921569
0.827843137254902
0.890980392156863
0.883529411764706
0.856862745098039
0.966274509803922
0.855294117647059
0.826274509803921
0.955686274509804
0.863529411764706
0.792549019607843
0.883137254901961
0.880392156862745
0.82156862745098
0.894901960784314
0.96078431372549
0.852941176470588
0.945490196078432
0.823921568627451
0.837254901960784
0.74156862745098
0.837254901960784
0.827450980392157
0.816470588235294
0.875686274509804
0.809019607843137
0.829411764705882
0.944705882352941
0.812156862745098
0.889019607843137
0.881176470588235
0.857647058823529
0.841176470588235
0.861176470588235
0.801960784313725
0.830588235294118
0.834509803921568
0.846274509803921
0.788235294117647
0.875294117647059
0.818431372549019
0.827843137254902
0.861960784313726
0.910196078431373
0.868627450980392
0.966274509803922
0.862352941176471
0.804705882352941
0.721960784313725
0.830980392156863
0.897647058823529
0.86078431372549
0.809019607843137
0.843529411764706
0.931764705882353
0.823137254901961
0.85843137254902
0.830588235294118
0.762745098039216
0.829411764705882
0.803921568627451
0.818039215686274
0.817647058823529
0.904705882352941
0.817254901960784
0.882745098039216
0.854901960784314
0.864313725490196
0.866274509803921
0.797254901960784
0.850196078431372
0.794117647058823
0.853725490196078
0.88078431372549
0.850588235294117
0.97764705882353
0.780392156862745
0.878823529411765
0.913725490196079
0.829019607843137
0.97686274509804
0.842745098039216
0.833333333333333
0.885490196078432
0.849411764705882
0.814509803921569
0.884313725490196
0.916470588235294
