0.953471305738847
0.962241551689657
0.978277344531088
0.95663067386522
0.952729908036784
0.978511595361848
0.960026994601074
0.96030681591045
0.960792841431709
0.849481311213275
0.962110577884417
0.960829834033185
0.948772245550889
0.977833433313334
0.962290541891619
0.959302279088359
0.946440711857624
0.979877024595074
0.958224355128965
0.940421915616874
0.962490501899615
0.974162167566483
0.957412517496499
0.920455817672928
0.910154907055766
0.958837697381563
0.935981803639268
0.957952818872448
0.948028394321132
0.964332667332661
0.954253149370124
0.966210031974416
0.911134092725819
0.945629874025191
0.956383723255344
0.971233506597353
0.952221555688862
0.952707916833266
0.948002798880445
0.763090381923621
0.976149770045988
0.877419516096786
0.966400159904052
0.967476504699053
0.95495200959808
0.911622675464908
0.956028588564574
0.934741051789642
0.94922315536892
0.945778688524588
0.937391043582568
0.961696660667861
0.875499800079973
0.942535492901419
0.974866053578564
0.950444911017793
0.958454545454542
0.978844231153765
0.954737367685236
0.966918616276738
0.978309029164994
0.874569086182766
0.956007596961206
0.949218156368724
0.977191561687658
0.956918616276739
0.919388122375523
0.859048190361931
0.943514297140567
0.905403757745349
0.842679464107183
0.952922415516895
0.952231553689257
0.953825939248597
0.958205717712912
0.95825369852059
0.961930613877218
0.930532893421316
0.889871025794843
0.975051989602073
0.896772645470909
0.908882223555288
0.946714314274287
0.951311475409834
0.925125949620152
0.974360127974398
0.776702659468113
0.88759048190362
0.962591445132913
0.762258096761302
0.908549580167932
0.976179292424544
0.814719056188767
0.842279088364656
0.958088382323534
